0
3286
6519
9650
12629
15408
17945
20199
22134
23719
24931
25750
26163
26163
25750
24931
23719
22134
20199
17945
15408
12629
9650
6519
3286
0
-3286
-6519
-9650
-12629
-15408
-17945
-20199
-22134
-23719
-24931
-25750
-26163
-26163
-25750
-24931
-23719
-22134
-20199
-17945
-15408
-12629
-9650
-6519
-3286
0
3286
6519
9650
12629
15408
17945
20199
22134
23719
24931
25750
26163
26163
25750
24931
23719
22134
20199
17945
15408
12629
9650
6519
3286
0
-3286
-6519
-9650
-12629
-15408
-17945
-20199
-22134
-23719
-24931
-25750
-26163
-26163
-25750
-24931
-23719
-22134
-20199
-17945
-15408
-12629
-9650
-6519
-3286
0
3286
6519
9650
12629
15408
17945
20199
22134
23719
24931
25750
26163
26163
25750
24931
23719
22134
20199
17945
15408
12629
9650
6519
3286
0
-3286
-6519
-9650
-12629
-15408
-17945
-20199
-22134
-23719
-24931
-25750
-26163
-26163
-25750
-24931
-23719
-22134
-20199
-17945
-15408
-12629
-9650
-6519
-3286
0
3286
6519
9650
12629
15408
17945
20199
22134
23719
24931
25750
26163
26163
25750
24931
23719
22134
20199
17945
15408
12629
9650
6519
3286
0
-3286
-6519
-9650
-12629
-15408
-17945
-20199
-22134
-23719
-24931
-25750
-26163
-26163
-25750
-24931
-23719
-22134
-20199
-17945
-15408
-12629
-9650
-6519
-3286
0
3286
6519
9650
12629
15408
17945
20199
22134
23719
24931
25750
26163
26163
25750
24931
23719
22134
20199
17945
15408
12629
9650
6519
3286
0
-3286
-6519
-9650
-12629
-15408
-17945
-20199
-22134
-23719
-24931
-25750
-26163
-26163
-25750
-24931
-23719
-22134
-20199
-17945
-15408
-12629
-9650
-6519
-3286
0
3286
6519
9650
12629
15408
17945
20199
22134
23719
24931
25750
26163
26163
25750
24931
23719
22134
20199
17945
15408
12629
9650
6519
3286
0
-3286
-6519
-9650
-12629
-15408
-17945
-20199
-22134
-23719
-24931
-25750
-26163
-26163
-25750
-24931
-23719
-22134
-20199
-17945
-15408
-12629
-9650
-6519
-3286
0
3286
6519
9650
12629
15408
17945
20199
22134
23719
24931
25750
26163
26163
25750
24931
23719
22134
20199
17945
15408
12629
9650
6519
3286
0
-3286
-6519
-9650
-12629
-15408
-17945
-20199
-22134
-23719
-24931
-25750
-26163
-26163
-25750
-24931
-23719
-22134
-20199
-17945
-15408
-12629
-9650
-6519
-3286
0
3286
6519
9650
12629
15408
17945
20199
22134
23719
24931
25750
26163
26163
25750
24931
23719
22134
20199
17945
15408
12629
9650
6519
3286
0
-3286
-6519
-9650
-12629
-15408
-17945
-20199
-22134
-23719
-24931
-25750
-26163
-26163
-25750
-24931
-23719
-22134
-20199
-17945
-15408
-12629
-9650
-6519
-3286
0
3286
6519
9650
12629
15408
17945
20199
22134
23719
24931
25750
26163
26163
25750
24931
23719
22134
20199
17945
15408
12629
9650
6519
3286
0
-3286
-6519
-9650
-12629
-15408
-17945
-20199
-22134
-23719
-24931
-25750
-26163
-26163
-25750
-24931
-23719
-22134
-20199
-17945
-15408
-12629
-9650
-6519
-3286
0
3286
6519
9650
12629
15408
17945
20199
22134
23719
24931
25750
26163
26163
25750
24931
23719
22134
20199
17945
15408
12629
9650
6519
3286
0
-3286
-6519
-9650
-12629
-15408
-17945
-20199
-22134
-23719
-24931
-25750
-26163
-26163
-25750
-24931
-23719
-22134
-20199
-17945
-15408
-12629
-9650
-6519
-3286
0